output = tCl,pCl,lCl,mPk
h = 0.67810
omega_b = 0.02238280
omega_cdm = 0.1201075
N_ur = 3.044
T_cmb = 2.7255
YHe = BBN
recombination = HyRec
z_reio = 7.6711
alpha_W = 0.1
lensing = yes

